#This file contains the data and best fit. 
#The first three columns are the data (x, y and y error)
#The next column is the transit component of the best fit (including airmass term)
#The next column is the airmass term (subtract from model and data to remove)
#The final three columns represent the GP fit to the red noise in the residuals:
# the first column is the mean of all the functions represented by the GP
# the second column is the 1sigma upper limit to the functions represented by the GP
# the third column is the 1sigma lower limit to the functions represented by the GP
54835.817914 0.990170 0.001391 0.993300 0.993300 -0.001608 -0.000796 -0.002420
54835.818902 0.991170 0.001412 0.993361 0.993361 -0.001259 -0.000597 -0.001921
54835.819911 0.993560 0.001323 0.993423 0.993423 -0.000912 -0.000350 -0.001473
54835.820920 0.994080 0.001320 0.993484 0.993484 -0.000592 -0.000091 -0.001093
54835.821902 0.993680 0.001351 0.993544 0.993544 -0.000316 0.000144 -0.000776
54835.822917 0.992920 0.001271 0.993605 0.993605 -0.000073 0.000372 -0.000519
54835.823906 0.994970 0.001324 0.993665 0.993665 0.000127 0.000572 -0.000318
54835.824895 0.991620 0.001264 0.993725 0.993725 0.000294 0.000735 -0.000146
54835.825904 0.995000 0.001304 0.993785 0.993785 0.000436 0.000871 0.000000
54835.826913 0.995970 0.001291 0.993845 0.993845 0.000536 0.000960 0.000112
54835.827902 0.993800 0.001348 0.993904 0.993904 0.000596 0.001011 0.000180
54835.828891 0.996050 0.001345 0.993963 0.993963 0.000610 0.001032 0.000187
54835.829901 0.992400 0.001344 0.994022 0.994022 0.000598 0.001033 0.000163
54835.830910 0.994520 0.001326 0.994082 0.994082 0.000569 0.001014 0.000123
54835.831919 0.995120 0.001301 0.994141 0.994141 0.000512 0.000968 0.000056
54835.832908 0.994900 0.001295 0.994198 0.994198 0.000422 0.000875 -0.000032
54835.833897 0.994730 0.001215 0.994256 0.994256 0.000319 0.000767 -0.000128
54835.834906 0.994880 0.001272 0.994314 0.994314 0.000199 0.000637 -0.000239
54835.835915 0.994430 0.001325 0.994373 0.994373 0.000070 0.000507 -0.000366
54835.836904 0.993150 0.001277 0.994429 0.994429 -0.000058 0.000376 -0.000493
54835.837893 0.993530 0.001230 0.994486 0.994486 -0.000188 0.000252 -0.000629
54835.838903 0.994350 0.001220 0.994543 0.994543 -0.000328 0.000105 -0.000761
54835.839912 0.996990 0.001226 0.994601 0.994601 -0.000481 -0.000067 -0.000895
54835.840921 0.993380 0.001171 0.994658 0.994658 -0.000643 -0.000241 -0.001044
54835.841910 0.992670 0.001200 0.994640 0.994714 -0.000818 -0.000423 -0.001213
54835.842899 0.994270 0.001164 0.994498 0.994769 -0.000988 -0.000596 -0.001379
54835.843908 0.993690 0.001140 0.994237 0.994825 -0.001154 -0.000771 -0.001537
54835.844917 0.990240 0.001171 0.993870 0.994882 -0.001290 -0.000908 -0.001671
54835.845906 0.991050 0.001177 0.993417 0.994936 -0.001372 -0.000991 -0.001752
54835.846895 0.991420 0.001159 0.992881 0.994991 -0.001413 -0.001030 -0.001796
54835.847905 0.992160 0.001141 0.992259 0.995047 -0.001431 -0.001047 -0.001815
54835.848914 0.991010 0.001148 0.991569 0.995102 -0.001454 -0.001074 -0.001834
54835.849903 0.989000 0.001128 0.990839 0.995156 -0.001473 -0.001100 -0.001846
54835.850892 0.989210 0.001087 0.990065 0.995209 -0.001482 -0.001113 -0.001851
54835.851901 0.988140 0.001071 0.989243 0.995264 -0.001488 -0.001123 -0.001853
54835.852910 0.986860 0.001061 0.988402 0.995318 -0.001482 -0.001116 -0.001849
54835.853920 0.985950 0.001095 0.987559 0.995373 -0.001440 -0.001052 -0.001828
54835.854909 0.984780 0.001120 0.986749 0.995425 -0.001338 -0.000936 -0.001740
54835.855898 0.983750 0.001081 0.985982 0.995478 -0.001157 -0.000749 -0.001566
54835.856907 0.980720 0.001062 0.985293 0.995531 -0.000894 -0.000488 -0.001300
54835.857916 0.986710 0.001081 0.984759 0.995585 -0.000565 -0.000164 -0.000966
54835.858905 0.984160 0.001102 0.984314 0.995637 -0.000223 0.000171 -0.000618
54835.859894 0.985830 0.001109 0.983924 0.995688 0.000090 0.000473 -0.000293
54835.860903 0.984810 0.001055 0.983568 0.995741 0.000360 0.000733 -0.000013
54835.861912 0.982660 0.001056 0.983249 0.995793 0.000577 0.000954 0.000200
54835.862922 0.983080 0.001010 0.982959 0.995845 0.000747 0.001128 0.000367
54835.863911 0.983830 0.001051 0.982700 0.995896 0.000860 0.001242 0.000479
54835.864900 0.984090 0.001056 0.982464 0.995947 0.000912 0.001301 0.000524
54835.865909 0.982740 0.001027 0.982242 0.995998 0.000899 0.001283 0.000516
54835.866918 0.984240 0.001011 0.982038 0.996049 0.000821 0.001190 0.000453
54835.867907 0.983570 0.001039 0.981855 0.996099 0.000668 0.001021 0.000315
54835.868896 0.981810 0.001008 0.981685 0.996149 0.000460 0.000803 0.000117
54835.869905 0.980370 0.001009 0.981526 0.996200 0.000240 0.000584 -0.000105
54835.870914 0.981250 0.000998 0.981379 0.996250 0.000043 0.000394 -0.000307
54835.871903 0.981850 0.001015 0.981246 0.996299 -0.000117 0.000233 -0.000467
54835.872892 0.980990 0.000984 0.981124 0.996348 -0.000249 0.000095 -0.000593
54835.873902 0.979410 0.000982 0.981009 0.996397 -0.000350 -0.000007 -0.000694
54835.874911 0.979650 0.000982 0.980904 0.996447 -0.000394 -0.000053 -0.000735
54835.875920 0.979530 0.000954 0.980807 0.996496 -0.000380 -0.000047 -0.000713
54835.876909 0.982540 0.001012 0.980720 0.996544 -0.000345 -0.000013 -0.000677
54835.877898 0.980610 0.000978 0.980640 0.996592 -0.000322 0.000030 -0.000674
54835.878907 0.980010 0.000964 0.980567 0.996640 -0.000317 0.000055 -0.000689
54835.879916 0.980800 0.000965 0.980500 0.996688 -0.000337 0.000037 -0.000711
54835.880905 0.978470 0.000983 0.980440 0.996735 -0.000374 0.000002 -0.000750
54835.881894 0.980090 0.000992 0.980387 0.996782 -0.000416 -0.000041 -0.000791
54835.882904 0.983120 0.000997 0.980339 0.996830 -0.000476 -0.000104 -0.000849
54835.883913 0.979480 0.000956 0.980296 0.996877 -0.000584 -0.000213 -0.000955
54835.884922 0.977320 0.000950 0.980259 0.996924 -0.000681 -0.000317 -0.001045
54835.885911 0.979370 0.000961 0.980228 0.996970 -0.000739 -0.000376 -0.001103
54835.886900 0.979020 0.000930 0.980201 0.997016 -0.000749 -0.000388 -0.001109
54835.887936 0.979770 0.000965 0.980178 0.997064 -0.000725 -0.000383 -0.001066
54835.888899 0.980360 0.000941 0.980162 0.997108 -0.000679 -0.000357 -0.001002
54835.889908 0.978630 0.000940 0.980148 0.997154 -0.000611 -0.000302 -0.000921
54835.890918 0.979480 0.000946 0.980140 0.997200 -0.000540 -0.000234 -0.000847
54835.891907 0.979950 0.000958 0.980135 0.997244 -0.000478 -0.000158 -0.000798
54835.892896 0.980430 0.000951 0.980134 0.997289 -0.000458 -0.000120 -0.000796
54835.893905 0.980140 0.000932 0.980138 0.997334 -0.000484 -0.000138 -0.000830
54835.894914 0.979700 0.000952 0.980145 0.997379 -0.000559 -0.000210 -0.000907
54835.895903 0.978730 0.000967 0.980156 0.997422 -0.000669 -0.000315 -0.001023
54835.896892 0.979630 0.000930 0.980171 0.997466 -0.000795 -0.000437 -0.001152
54835.897901 0.980210 0.000923 0.980189 0.997510 -0.000939 -0.000589 -0.001289
54835.898910 0.978610 0.000905 0.980212 0.997554 -0.001081 -0.000730 -0.001433
54835.899920 0.979110 0.000914 0.980238 0.997598 -0.001209 -0.000850 -0.001567
54835.900909 0.976550 0.000945 0.980266 0.997640 -0.001295 -0.000936 -0.001654
54835.901898 0.979960 0.000922 0.980299 0.997683 -0.001337 -0.000982 -0.001693
54835.902907 0.980610 0.000934 0.980335 0.997726 -0.001350 -0.000999 -0.001701
54835.903916 0.977820 0.000901 0.980375 0.997769 -0.001351 -0.001007 -0.001694
54835.904905 0.978850 0.000918 0.980417 0.997810 -0.001313 -0.000977 -0.001648
54835.905894 0.979080 0.000903 0.980463 0.997852 -0.001249 -0.000916 -0.001583
54835.906903 0.980020 0.000901 0.980514 0.997894 -0.001171 -0.000837 -0.001506
54835.907912 0.978700 0.000898 0.980567 0.997936 -0.001084 -0.000757 -0.001411
54835.908922 0.979040 0.000893 0.980625 0.997978 -0.000978 -0.000655 -0.001302
54835.909911 0.980240 0.000924 0.980685 0.998018 -0.000878 -0.000551 -0.001205
54835.910900 0.980920 0.000887 0.980748 0.998059 -0.000790 -0.000461 -0.001118
54835.911909 0.980480 0.000886 0.980816 0.998100 -0.000742 -0.000412 -0.001072
54835.912918 0.980210 0.000902 0.980888 0.998141 -0.000728 -0.000398 -0.001058
54835.913907 0.981000 0.000921 0.980963 0.998180 -0.000736 -0.000408 -0.001064
54835.914896 0.979820 0.000876 0.981041 0.998220 -0.000750 -0.000429 -0.001071
54835.915905 0.979090 0.000898 0.981125 0.998260 -0.000740 -0.000418 -0.001061
54835.916915 0.980840 0.000874 0.981212 0.998300 -0.000705 -0.000381 -0.001029
54835.917904 0.979990 0.000903 0.981303 0.998339 -0.000640 -0.000317 -0.000964
54835.918893 0.980950 0.000879 0.981397 0.998377 -0.000552 -0.000234 -0.000869
54835.919902 0.981290 0.000871 0.981498 0.998417 -0.000458 -0.000149 -0.000766
54835.920911 0.981350 0.000887 0.981603 0.998455 -0.000380 -0.000074 -0.000686
54835.921920 0.983120 0.000875 0.981713 0.998494 -0.000325 -0.000009 -0.000640
54835.922909 0.980710 0.000879 0.981826 0.998532 -0.000296 0.000021 -0.000613
54835.923898 0.981640 0.000872 0.981944 0.998570 -0.000266 0.000063 -0.000595
54835.924907 0.980390 0.000871 0.982070 0.998608 -0.000213 0.000117 -0.000543
54835.925917 0.983040 0.000878 0.982202 0.998645 -0.000120 0.000200 -0.000441
54835.926906 0.981550 0.000877 0.982336 0.998682 -0.000008 0.000313 -0.000330
54835.927895 0.981160 0.000849 0.982477 0.998719 0.000130 0.000455 -0.000194
54835.928904 0.984710 0.000864 0.982626 0.998756 0.000284 0.000606 -0.000038
54835.929913 0.983540 0.000856 0.982783 0.998793 0.000407 0.000722 0.000091
54835.930902 0.983300 0.000870 0.982944 0.998829 0.000499 0.000822 0.000177
54835.931891 0.982680 0.000848 0.983112 0.998865 0.000548 0.000884 0.000212
54835.932900 0.985400 0.000852 0.983292 0.998901 0.000552 0.000898 0.000207
54835.933909 0.983710 0.000850 0.983480 0.998937 0.000514 0.000867 0.000161
54835.934919 0.984520 0.000852 0.983678 0.998973 0.000438 0.000794 0.000081
54835.935908 0.984460 0.000866 0.983881 0.999008 0.000362 0.000721 0.000002
54835.936897 0.983250 0.000840 0.984095 0.999042 0.000302 0.000657 -0.000053
54835.937906 0.984180 0.000840 0.984324 0.999078 0.000279 0.000626 -0.000068
54835.938915 0.984550 0.000841 0.984565 0.999113 0.000282 0.000618 -0.000054
54835.939904 0.984720 0.000859 0.984815 0.999147 0.000291 0.000620 -0.000037
54835.940893 0.985560 0.000855 0.985079 0.999180 0.000310 0.000639 -0.000020
54835.941902 0.987380 0.000852 0.985365 0.999215 0.000302 0.000630 -0.000026
54835.942911 0.987030 0.000839 0.985668 0.999249 0.000250 0.000576 -0.000076
54835.943921 0.984800 0.000835 0.985991 0.999282 0.000170 0.000492 -0.000153
54835.944910 0.985840 0.000851 0.986329 0.999315 0.000095 0.000410 -0.000219
54835.945899 0.986160 0.000841 0.986692 0.999348 0.000060 0.000378 -0.000258
54835.946908 0.986960 0.000838 0.987092 0.999381 0.000055 0.000366 -0.000255
54835.947917 0.987510 0.000829 0.987526 0.999414 0.000056 0.000361 -0.000248
54835.948906 0.989290 0.000864 0.987992 0.999446 0.000048 0.000354 -0.000259
54835.949895 0.989090 0.000832 0.988509 0.999478 0.000015 0.000336 -0.000307
54835.950904 0.989090 0.000841 0.989111 0.999510 -0.000065 0.000269 -0.000399
54835.951914 0.988830 0.000838 0.989857 0.999542 -0.000157 0.000183 -0.000497
54835.952903 0.992080 0.000864 0.990699 0.999573 -0.000241 0.000096 -0.000578
54835.953892 0.990690 0.000841 0.991590 0.999604 -0.000308 0.000020 -0.000636
54835.954901 0.989960 0.000830 0.992520 0.999635 -0.000329 -0.000013 -0.000644
54835.955910 0.993600 0.000845 0.993451 0.999666 -0.000295 0.000014 -0.000605
54835.956919 0.994570 0.000847 0.994367 0.999697 -0.000225 0.000082 -0.000532
54835.957908 0.996180 0.000869 0.995234 0.999727 -0.000156 0.000147 -0.000459
54835.958897 0.996600 0.000857 0.996061 0.999757 -0.000113 0.000190 -0.000416
54835.959906 0.995990 0.000842 0.996850 0.999787 -0.000090 0.000214 -0.000394
54835.960916 0.996330 0.000828 0.997575 0.999817 -0.000059 0.000249 -0.000368
54835.961905 0.998860 0.000858 0.998212 0.999846 -0.000019 0.000299 -0.000338
54835.962894 0.998120 0.000831 0.998767 0.999875 -0.000008 0.000319 -0.000336
54835.963903 1.000900 0.000850 0.999240 0.999904 -0.000035 0.000302 -0.000373
54835.964912 0.999970 0.000838 0.999609 0.999933 -0.000120 0.000223 -0.000462
54835.965921 0.999810 0.000845 0.999863 0.999962 -0.000251 0.000087 -0.000588
54835.966910 0.999530 0.000861 0.999987 0.999990 -0.000390 -0.000057 -0.000722
54835.967899 0.998660 0.000849 1.000018 1.000018 -0.000496 -0.000163 -0.000829
54835.968908 0.997630 0.000834 1.000046 1.000046 -0.000530 -0.000191 -0.000870
54835.969918 1.000300 0.000828 1.000074 1.000074 -0.000478 -0.000140 -0.000817
54835.970907 0.998990 0.000854 1.000101 1.000101 -0.000379 -0.000045 -0.000713
54835.971896 1.000200 0.000839 1.000128 1.000128 -0.000262 0.000060 -0.000584
54835.972905 1.001000 0.000838 1.000155 1.000155 -0.000169 0.000147 -0.000484
54835.973914 1.001100 0.000892 1.000182 1.000182 -0.000133 0.000192 -0.000459
54835.974903 1.000300 0.000869 1.000208 1.000208 -0.000161 0.000172 -0.000495
54835.975892 0.998370 0.000834 1.000234 1.000234 -0.000232 0.000102 -0.000566
54835.976901 1.000800 0.000825 1.000260 1.000260 -0.000329 0.000001 -0.000659
54835.977910 1.000400 0.000832 1.000287 1.000287 -0.000458 -0.000114 -0.000802
54835.978920 0.999550 0.000837 1.000312 1.000312 -0.000610 -0.000256 -0.000964
54835.979909 1.000400 0.000855 1.000338 1.000338 -0.000754 -0.000404 -0.001105
54835.980901 0.998750 0.000849 1.000363 1.000363 -0.000881 -0.000546 -0.001216
54835.981942 0.997900 0.000853 1.000388 1.000388 -0.000953 -0.000630 -0.001277
54835.982892 0.997600 0.000822 1.000412 1.000412 -0.000940 -0.000632 -0.001247
54835.983902 1.000800 0.000834 1.000437 1.000437 -0.000859 -0.000567 -0.001150
54835.984911 1.001300 0.000841 1.000461 1.000461 -0.000763 -0.000470 -0.001057
54835.985920 0.999770 0.000847 1.000485 1.000485 -0.000713 -0.000424 -0.001003
54835.986909 1.000400 0.000856 1.000509 1.000509 -0.000707 -0.000417 -0.000997
54835.987898 0.999900 0.000838 1.000532 1.000532 -0.000734 -0.000426 -0.001041
54835.988907 0.999160 0.000825 1.000556 1.000556 -0.000776 -0.000452 -0.001099
54835.989916 0.999890 0.000848 1.000579 1.000579 -0.000814 -0.000485 -0.001143
54835.990905 0.999330 0.000847 1.000602 1.000602 -0.000841 -0.000509 -0.001173
54835.991894 0.999680 0.000837 1.000625 1.000625 -0.000855 -0.000530 -0.001180
54835.992904 1.000800 0.000835 1.000647 1.000647 -0.000856 -0.000540 -0.001171
54835.993913 0.999950 0.000830 1.000670 1.000670 -0.000844 -0.000526 -0.001162
54835.994922 0.999430 0.000823 1.000692 1.000692 -0.000814 -0.000487 -0.001140
54835.995911 0.998270 0.000854 1.000713 1.000713 -0.000752 -0.000431 -0.001073
54835.996900 1.000300 0.000837 1.000735 1.000735 -0.000647 -0.000342 -0.000952
54835.997909 0.999910 0.000836 1.000756 1.000756 -0.000519 -0.000220 -0.000817
54835.998918 1.001800 0.000842 1.000778 1.000778 -0.000388 -0.000089 -0.000686
54835.999907 1.000400 0.000863 1.000798 1.000798 -0.000283 0.000021 -0.000587
54836.000896 1.000600 0.000842 1.000819 1.000819 -0.000211 0.000109 -0.000530
54836.001906 1.000900 0.000845 1.000840 1.000840 -0.000171 0.000157 -0.000498
54836.002915 1.001600 0.000849 1.000860 1.000860 -0.000153 0.000181 -0.000486
54836.003904 0.999990 0.000853 1.000880 1.000880 -0.000148 0.000189 -0.000485
54836.004893 0.999970 0.000822 1.000899 1.000899 -0.000129 0.000202 -0.000460
54836.005902 1.000000 0.000830 1.000919 1.000919 -0.000101 0.000221 -0.000423
54836.006911 1.001800 0.000844 1.000939 1.000939 -0.000081 0.000234 -0.000396
54836.007921 1.001800 0.000853 1.000958 1.000958 -0.000098 0.000219 -0.000415
54836.008910 1.001000 0.000847 1.000977 1.000977 -0.000169 0.000148 -0.000486
54836.009899 1.001000 0.000830 1.000995 1.000995 -0.000271 0.000049 -0.000591
54836.010908 1.000700 0.000825 1.001014 1.001014 -0.000388 -0.000068 -0.000707
54836.011917 0.999340 0.000828 1.001032 1.001032 -0.000475 -0.000159 -0.000790
54836.012906 0.999550 0.000832 1.001050 1.001050 -0.000502 -0.000192 -0.000811
54836.013895 1.000900 0.000851 1.001068 1.001068 -0.000467 -0.000168 -0.000767
54836.014904 1.000800 0.000858 1.001085 1.001085 -0.000401 -0.000103 -0.000699
54836.015913 1.001500 0.000843 1.001103 1.001103 -0.000343 -0.000045 -0.000642
54836.016902 1.000400 0.000844 1.001120 1.001120 -0.000318 -0.000010 -0.000626
54836.017891 1.001000 0.000817 1.001136 1.001136 -0.000333 -0.000015 -0.000652
54836.018901 1.002000 0.000821 1.001153 1.001153 -0.000409 -0.000085 -0.000734
54836.019910 1.000700 0.000834 1.001170 1.001170 -0.000546 -0.000221 -0.000871
54836.020919 0.999670 0.000836 1.001186 1.001186 -0.000712 -0.000386 -0.001037
54836.021908 1.000200 0.000838 1.001202 1.001202 -0.000875 -0.000549 -0.001201
54836.022897 1.000700 0.000816 1.001217 1.001217 -0.001027 -0.000695 -0.001359
54836.023906 1.000200 0.000824 1.001233 1.001233 -0.001166 -0.000825 -0.001508
54836.024915 0.999600 0.000817 1.001249 1.001249 -0.001265 -0.000927 -0.001604
54836.025904 0.999170 0.000832 1.001264 1.001264 -0.001304 -0.000974 -0.001634
54836.026893 0.999460 0.000822 1.001278 1.001278 -0.001279 -0.000955 -0.001602
54836.027903 1.000100 0.000820 1.001293 1.001293 -0.001172 -0.000847 -0.001497
54836.028912 0.999730 0.000813 1.001308 1.001308 -0.001015 -0.000693 -0.001338
54836.029921 1.000400 0.000795 1.001322 1.001322 -0.000842 -0.000518 -0.001167
54836.030910 1.002700 0.000832 1.001336 1.001336 -0.000687 -0.000366 -0.001008
54836.031899 0.999760 0.000814 1.001349 1.001349 -0.000591 -0.000280 -0.000903
54836.032908 1.001300 0.000799 1.001363 1.001363 -0.000561 -0.000258 -0.000864
54836.033917 1.001600 0.000804 1.001376 1.001376 -0.000616 -0.000315 -0.000916
54836.034906 1.001100 0.000820 1.001389 1.001389 -0.000746 -0.000445 -0.001047
54836.035895 0.999950 0.000811 1.001402 1.001402 -0.000924 -0.000627 -0.001221
54836.036905 1.000600 0.000817 1.001415 1.001415 -0.001111 -0.000811 -0.001411
54836.037914 0.999620 0.000798 1.001427 1.001427 -0.001270 -0.000966 -0.001574
54836.038903 1.000600 0.000824 1.001439 1.001439 -0.001365 -0.001054 -0.001676
54836.039892 0.999120 0.000804 1.001451 1.001451 -0.001387 -0.001069 -0.001705
54836.040901 0.998660 0.000805 1.001463 1.001463 -0.001310 -0.000998 -0.001621
54836.041910 1.000100 0.000813 1.001475 1.001475 -0.001125 -0.000823 -0.001427
54836.042919 1.000900 0.000816 1.001486 1.001486 -0.000876 -0.000576 -0.001177
54836.043908 1.001300 0.000826 1.001497 1.001497 -0.000622 -0.000320 -0.000923
54836.044897 1.001700 0.000808 1.001508 1.001508 -0.000394 -0.000087 -0.000700
54836.045907 1.001900 0.000826 1.001518 1.001518 -0.000231 0.000074 -0.000536
54836.046916 1.002800 0.000840 1.001529 1.001529 -0.000138 0.000167 -0.000443
54836.047905 1.001100 0.000843 1.001539 1.001539 -0.000126 0.000180 -0.000433
54836.048880 1.002400 0.000821 1.001549 1.001549 -0.000151 0.000164 -0.000465
54836.049914 0.999890 0.000812 1.001559 1.001559 -0.000183 0.000136 -0.000503
54836.050903 1.000300 0.000835 1.001568 1.001568 -0.000158 0.000154 -0.000470
54836.051892 1.000500 0.000823 1.001577 1.001577 -0.000051 0.000262 -0.000364
54836.052901 1.002200 0.000830 1.001586 1.001586 0.000124 0.000442 -0.000193
54836.053910 1.002600 0.000847 1.001595 1.001595 0.000322 0.000642 0.000003
54836.054920 1.002100 0.000827 1.001604 1.001604 0.000510 0.000833 0.000187
54836.055909 1.001800 0.000856 1.001612 1.001612 0.000671 0.000994 0.000349
54836.056898 1.003900 0.000889 1.001620 1.001620 0.000804 0.001134 0.000473
54836.057907 1.002200 0.000877 1.001628 1.001628 0.000889 0.001220 0.000558
54836.058916 1.002500 0.000823 1.001636 1.001636 0.000931 0.001257 0.000605
54836.059905 1.001600 0.000836 1.001643 1.001643 0.000939 0.001263 0.000614
54836.060894 1.003100 0.000816 1.001650 1.001650 0.000912 0.001240 0.000584
54836.061903 1.003900 0.000821 1.001658 1.001658 0.000819 0.001146 0.000493
54836.062912 1.001900 0.000814 1.001664 1.001664 0.000662 0.000985 0.000340
54836.063922 1.003100 0.000839 1.001671 1.001671 0.000468 0.000790 0.000146
54836.064911 1.001000 0.000832 1.001677 1.001677 0.000266 0.000588 -0.000056
54836.065900 1.001500 0.000805 1.001683 1.001683 0.000107 0.000440 -0.000226
54836.066909 1.000600 0.000810 1.001689 1.001689 0.000012 0.000345 -0.000321
54836.067918 1.002000 0.000823 1.001695 1.001695 -0.000011 0.000314 -0.000336
54836.068907 1.001300 0.000843 1.001700 1.001700 0.000016 0.000336 -0.000304
54836.069896 1.002600 0.000816 1.001706 1.001706 0.000065 0.000387 -0.000257
54836.070905 1.001800 0.000807 1.001711 1.001711 0.000117 0.000444 -0.000211
54836.071914 1.001400 0.000803 1.001715 1.001715 0.000170 0.000497 -0.000156
54836.072903 1.002500 0.000826 1.001720 1.001720 0.000218 0.000539 -0.000102
54836.073892 1.002100 0.000811 1.001724 1.001724 0.000257 0.000563 -0.000050
54836.074902 1.001400 0.000802 1.001728 1.001728 0.000295 0.000595 -0.000006
54836.075911 1.002200 0.000794 1.001732 1.001732 0.000326 0.000625 0.000027
54836.076920 1.001400 0.000809 1.001736 1.001736 0.000344 0.000651 0.000038
54836.077909 1.003100 0.000821 1.001739 1.001739 0.000342 0.000647 0.000037
54836.078898 1.003100 0.000815 1.001743 1.001743 0.000278 0.000584 -0.000027
54836.079907 1.003000 0.000819 1.001746 1.001746 0.000150 0.000464 -0.000164
54836.080916 0.999690 0.000815 1.001748 1.001748 -0.000004 0.000324 -0.000331
54836.081905 1.001200 0.000814 1.001751 1.001751 -0.000126 0.000198 -0.000451
54836.082895 1.002300 0.000815 1.001753 1.001753 -0.000206 0.000121 -0.000533
54836.083904 1.001000 0.000840 1.001755 1.001755 -0.000262 0.000072 -0.000596
54836.084913 1.000900 0.000823 1.001757 1.001757 -0.000285 0.000046 -0.000615
54836.085922 1.001300 0.000812 1.001759 1.001759 -0.000265 0.000061 -0.000591
54836.086911 1.001100 0.000843 1.001760 1.001760 -0.000232 0.000091 -0.000555
54836.087900 1.002900 0.000818 1.001761 1.001761 -0.000206 0.000109 -0.000521
54836.088909 1.001800 0.000813 1.001762 1.001762 -0.000213 0.000096 -0.000522
54836.089919 1.002400 0.000810 1.001763 1.001763 -0.000247 0.000053 -0.000547
54836.090908 0.999610 0.000835 1.001764 1.001764 -0.000302 -0.000007 -0.000597
54836.091897 1.002000 0.000831 1.001764 1.001764 -0.000344 -0.000041 -0.000647
54836.092906 1.001300 0.000816 1.001764 1.001764 -0.000368 -0.000051 -0.000685
54836.093915 1.001300 0.000811 1.001764 1.001764 -0.000372 -0.000041 -0.000704
54836.094904 0.999980 0.000825 1.001763 1.001763 -0.000363 -0.000024 -0.000702
54836.095893 1.002100 0.000819 1.001763 1.001763 -0.000339 -0.000003 -0.000675
54836.096902 1.001700 0.000825 1.001762 1.001762 -0.000332 0.000000 -0.000664
54836.097911 1.002700 0.000848 1.001761 1.001761 -0.000378 -0.000042 -0.000714
54836.098921 1.001900 0.000825 1.001760 1.001760 -0.000494 -0.000153 -0.000836
54836.099910 1.001300 0.000827 1.001758 1.001758 -0.000658 -0.000329 -0.000988
54836.100899 1.000000 0.000816 1.001757 1.001757 -0.000837 -0.000519 -0.001155
54836.101908 1.000700 0.000814 1.001755 1.001755 -0.000995 -0.000681 -0.001310
54836.102917 0.999830 0.000812 1.001752 1.001752 -0.001105 -0.000782 -0.001429
54836.103906 1.001300 0.000836 1.001750 1.001750 -0.001157 -0.000831 -0.001482
54836.104895 0.999690 0.000819 1.001747 1.001747 -0.001161 -0.000838 -0.001484
54836.105904 0.999810 0.000817 1.001745 1.001745 -0.001123 -0.000806 -0.001440
54836.106913 1.001600 0.000822 1.001741 1.001741 -0.001044 -0.000734 -0.001353
54836.107902 1.000900 0.000839 1.001738 1.001738 -0.000973 -0.000668 -0.001278
54836.108891 1.001300 0.000820 1.001735 1.001735 -0.000926 -0.000618 -0.001234
54836.109901 1.000800 0.000819 1.001731 1.001731 -0.000915 -0.000603 -0.001227
54836.110910 1.000700 0.000829 1.001727 1.001727 -0.000940 -0.000635 -0.001246
54836.111919 1.001800 0.000829 1.001723 1.001723 -0.000990 -0.000690 -0.001290
54836.112908 1.000100 0.000846 1.001718 1.001718 -0.001075 -0.000767 -0.001382
54836.113897 1.000300 0.000826 1.001714 1.001714 -0.001157 -0.000835 -0.001479
54836.114906 0.999070 0.000828 1.001709 1.001709 -0.001227 -0.000862 -0.001592
54836.115915 1.001400 0.000825 1.001704 1.001704 -0.001273 -0.000810 -0.001735
54836.116625 1.000400 0.001325 1.001700 1.001700 -0.001307 -0.000742 -0.001872
