#This file contains the data and best fit. 
#The first three columns are the data (x, y and y error)
#The next column is the transit component of the best fit (including airmass term)
#The next column is the airmass term (subtract from model and data to remove)
#The final three columns represent the GP fit to the red noise in the residuals:
# the first column is the mean of all the functions represented by the GP
# the second column is the 1sigma upper limit to the functions represented by the GP
# the third column is the 1sigma lower limit to the functions represented by the GP
54835.817914 1.002700 0.001512 1.004035 1.004035 -0.000816 0.000048 -0.001681
54835.818902 1.004600 0.001525 1.003993 1.003993 -0.000778 -0.000042 -0.001514
54835.819911 1.002900 0.001444 1.003950 1.003950 -0.000739 -0.000112 -0.001367
54835.820920 1.001600 0.001437 1.003908 1.003908 -0.000692 -0.000144 -0.001240
54835.821902 1.006000 0.001494 1.003867 1.003867 -0.000638 -0.000130 -0.001145
54835.822917 1.001300 0.001415 1.003824 1.003824 -0.000588 -0.000102 -0.001075
54835.823906 1.002900 0.001485 1.003783 1.003783 -0.000528 -0.000042 -0.001014
54835.824895 1.002700 0.001442 1.003742 1.003742 -0.000466 0.000031 -0.000962
54835.825904 1.003600 0.001477 1.003701 1.003701 -0.000402 0.000104 -0.000908
54835.826913 1.003800 0.001481 1.003660 1.003660 -0.000353 0.000161 -0.000867
54835.827902 1.004300 0.001556 1.003619 1.003619 -0.000325 0.000193 -0.000843
54835.828891 1.004000 0.001552 1.003579 1.003579 -0.000317 0.000203 -0.000837
54835.829901 1.004700 0.001566 1.003539 1.003539 -0.000323 0.000205 -0.000850
54835.830910 1.000100 0.001541 1.003498 1.003498 -0.000324 0.000199 -0.000847
54835.831919 1.002600 0.001515 1.003458 1.003458 -0.000305 0.000210 -0.000821
54835.832908 1.001300 0.001515 1.003419 1.003419 -0.000272 0.000239 -0.000784
54835.833897 1.003700 0.001437 1.003380 1.003380 -0.000238 0.000269 -0.000745
54835.834906 1.004800 0.001497 1.003341 1.003341 -0.000220 0.000287 -0.000728
54835.835915 1.004800 0.001565 1.003301 1.003301 -0.000241 0.000253 -0.000736
54835.836904 1.002300 0.001519 1.003263 1.003263 -0.000287 0.000186 -0.000759
54835.837893 1.003100 0.001469 1.003225 1.003225 -0.000350 0.000105 -0.000805
54835.838903 1.002700 0.001458 1.003186 1.003186 -0.000425 0.000027 -0.000877
54835.839912 1.002400 0.001468 1.003147 1.003147 -0.000510 -0.000048 -0.000973
54835.840921 1.002600 0.001409 1.003105 1.003109 -0.000606 -0.000131 -0.001082
54835.841910 1.001500 0.001446 1.002958 1.003072 -0.000695 -0.000206 -0.001183
54835.842899 1.003100 0.001406 1.002681 1.003035 -0.000764 -0.000265 -0.001263
54835.843908 0.999350 0.001379 1.002280 1.002997 -0.000824 -0.000327 -0.001320
54835.844917 1.000700 0.001425 1.001771 1.002960 -0.000858 -0.000359 -0.001358
54835.845906 1.001200 0.001434 1.001177 1.002923 -0.000877 -0.000382 -0.001372
54835.846895 1.000500 0.001414 1.000499 1.002887 -0.000893 -0.000407 -0.001380
54835.847905 0.998880 0.001394 0.999731 1.002850 -0.000916 -0.000440 -0.001392
54835.848914 0.996920 0.001402 0.998896 1.002813 -0.000935 -0.000466 -0.001405
54835.849903 0.999260 0.001386 0.998023 1.002778 -0.000945 -0.000481 -0.001410
54835.850892 0.995970 0.001335 0.997107 1.002742 -0.000946 -0.000489 -0.001402
54835.851901 0.993200 0.001312 0.996142 1.002706 -0.000912 -0.000458 -0.001366
54835.852910 0.995350 0.001308 0.995160 1.002671 -0.000843 -0.000385 -0.001300
54835.853920 0.992980 0.001352 0.994176 1.002635 -0.000732 -0.000287 -0.001177
54835.854909 0.991700 0.001387 0.993231 1.002600 -0.000589 -0.000145 -0.001032
54835.855898 0.990160 0.001335 0.992329 1.002566 -0.000400 0.000047 -0.000848
54835.856907 0.991400 0.001323 0.991497 1.002531 -0.000177 0.000271 -0.000626
54835.857916 0.992180 0.001342 0.990836 1.002496 0.000045 0.000500 -0.000410
54835.858905 0.990980 0.001373 0.990286 1.002463 0.000232 0.000690 -0.000226
54835.859894 0.990370 0.001382 0.989796 1.002429 0.000371 0.000820 -0.000078
54835.860903 0.992720 0.001316 0.989344 1.002395 0.000472 0.000906 0.000039
54835.861912 0.987490 0.001318 0.988932 1.002361 0.000526 0.000948 0.000103
54835.862922 0.988740 0.001259 0.988553 1.002327 0.000543 0.000967 0.000119
54835.863911 0.990800 0.001318 0.988210 1.002295 0.000527 0.000955 0.000099
54835.864900 0.986990 0.001325 0.987890 1.002262 0.000482 0.000908 0.000057
54835.865909 0.987950 0.001292 0.987586 1.002229 0.000426 0.000851 0.000001
54835.866918 0.986440 0.001266 0.987301 1.002196 0.000370 0.000794 -0.000053
54835.867907 0.986670 0.001306 0.987039 1.002164 0.000331 0.000754 -0.000093
54835.868896 0.988160 0.001271 0.986793 1.002133 0.000295 0.000722 -0.000133
54835.869905 0.987830 0.001277 0.986557 1.002101 0.000254 0.000690 -0.000183
54835.870914 0.986470 0.001260 0.986334 1.002069 0.000202 0.000651 -0.000246
54835.871903 0.983460 0.001276 0.986127 1.002037 0.000159 0.000616 -0.000298
54835.872892 0.989230 0.001249 0.985932 1.002007 0.000129 0.000592 -0.000335
54835.873902 0.984740 0.001244 0.985743 1.001975 0.000096 0.000559 -0.000367
54835.874911 0.985120 0.001245 0.985565 1.001944 0.000065 0.000519 -0.000388
54835.875920 0.985070 0.001205 0.985395 1.001913 0.000028 0.000471 -0.000414
54835.876909 0.985940 0.001281 0.985238 1.001883 -0.000005 0.000425 -0.000436
54835.877898 0.985640 0.001246 0.985089 1.001853 -0.000048 0.000380 -0.000475
54835.878907 0.985600 0.001225 0.984944 1.001823 -0.000100 0.000323 -0.000524
54835.879916 0.984660 0.001226 0.984806 1.001793 -0.000172 0.000244 -0.000589
54835.880905 0.984150 0.001253 0.984679 1.001764 -0.000252 0.000166 -0.000670
54835.881894 0.984000 0.001266 0.984557 1.001735 -0.000321 0.000109 -0.000752
54835.882904 0.981950 0.001269 0.984439 1.001705 -0.000377 0.000062 -0.000816
54835.883913 0.985060 0.001225 0.984328 1.001676 -0.000410 0.000041 -0.000861
54835.884922 0.984140 0.001220 0.984222 1.001647 -0.000429 0.000027 -0.000885
54835.885911 0.983530 0.001228 0.984123 1.001619 -0.000439 0.000013 -0.000891
54835.886900 0.983360 0.001189 0.984030 1.001591 -0.000451 0.000004 -0.000906
54835.887936 0.983350 0.001233 0.983937 1.001562 -0.000464 0.000000 -0.000928
54835.888899 0.983360 0.001207 0.983855 1.001535 -0.000483 -0.000015 -0.000951
54835.889908 0.982930 0.001207 0.983774 1.001507 -0.000504 -0.000043 -0.000965
54835.890918 0.983040 0.001217 0.983698 1.001479 -0.000544 -0.000087 -0.001001
54835.891907 0.985410 0.001237 0.983627 1.001452 -0.000608 -0.000161 -0.001054
54835.892896 0.982570 0.001227 0.983561 1.001426 -0.000693 -0.000266 -0.001120
54835.893905 0.982320 0.001200 0.983497 1.001398 -0.000784 -0.000365 -0.001202
54835.894914 0.983010 0.001232 0.983437 1.001372 -0.000855 -0.000429 -0.001282
54835.895903 0.981200 0.001253 0.983383 1.001345 -0.000900 -0.000478 -0.001322
54835.896892 0.982730 0.001201 0.983332 1.001320 -0.000909 -0.000496 -0.001322
54835.897901 0.981050 0.001192 0.983284 1.001293 -0.000881 -0.000458 -0.001303
54835.898910 0.982370 0.001167 0.983239 1.001267 -0.000834 -0.000400 -0.001268
54835.899920 0.983720 0.001185 0.983198 1.001241 -0.000764 -0.000318 -0.001210
54835.900909 0.981510 0.001228 0.983162 1.001216 -0.000684 -0.000231 -0.001137
54835.901898 0.981040 0.001195 0.983129 1.001191 -0.000585 -0.000130 -0.001039
54835.902907 0.984640 0.001218 0.983099 1.001166 -0.000478 -0.000035 -0.000921
54835.903916 0.983740 0.001172 0.983072 1.001141 -0.000392 0.000033 -0.000818
54835.904905 0.982360 0.001192 0.983050 1.001117 -0.000349 0.000066 -0.000764
54835.905894 0.982000 0.001172 0.983031 1.001093 -0.000331 0.000071 -0.000734
54835.906903 0.982690 0.001170 0.983015 1.001069 -0.000321 0.000068 -0.000709
54835.907912 0.982430 0.001169 0.983003 1.001044 -0.000308 0.000078 -0.000694
54835.908922 0.983030 0.001164 0.982994 1.001020 -0.000295 0.000099 -0.000690
54835.909911 0.981680 0.001205 0.982989 1.000997 -0.000280 0.000120 -0.000680
54835.910900 0.983120 0.001154 0.982988 1.000974 -0.000275 0.000125 -0.000675
54835.911909 0.983610 0.001153 0.982990 1.000951 -0.000291 0.000123 -0.000704
54835.912918 0.983190 0.001180 0.982996 1.000928 -0.000326 0.000096 -0.000747
54835.913907 0.982430 0.001206 0.983006 1.000905 -0.000373 0.000047 -0.000792
54835.914896 0.981980 0.001139 0.983020 1.000883 -0.000420 -0.000003 -0.000838
54835.915905 0.981800 0.001178 0.983038 1.000861 -0.000456 -0.000039 -0.000873
54835.916915 0.983040 0.001144 0.983061 1.000839 -0.000476 -0.000070 -0.000882
54835.917904 0.982660 0.001184 0.983087 1.000817 -0.000487 -0.000087 -0.000887
54835.918893 0.982300 0.001152 0.983118 1.000796 -0.000498 -0.000107 -0.000889
54835.919902 0.982620 0.001136 0.983153 1.000774 -0.000507 -0.000121 -0.000892
54835.920911 0.984540 0.001168 0.983194 1.000753 -0.000508 -0.000129 -0.000886
54835.921920 0.982690 0.001144 0.983240 1.000731 -0.000518 -0.000130 -0.000906
54835.922909 0.980590 0.001149 0.983289 1.000711 -0.000536 -0.000139 -0.000933
54835.923898 0.983620 0.001145 0.983344 1.000691 -0.000539 -0.000131 -0.000947
54835.924907 0.982340 0.001144 0.983406 1.000670 -0.000517 -0.000108 -0.000926
54835.925917 0.983440 0.001153 0.983474 1.000650 -0.000477 -0.000072 -0.000881
54835.926906 0.983300 0.001151 0.983546 1.000630 -0.000419 -0.000022 -0.000817
54835.927895 0.982950 0.001112 0.983625 1.000610 -0.000349 0.000044 -0.000743
54835.928904 0.983430 0.001133 0.983712 1.000591 -0.000282 0.000120 -0.000684
54835.929913 0.983820 0.001121 0.983806 1.000571 -0.000224 0.000182 -0.000630
54835.930902 0.983510 0.001143 0.983906 1.000552 -0.000185 0.000225 -0.000596
54835.931891 0.984800 0.001115 0.984014 1.000534 -0.000153 0.000251 -0.000558
54835.932900 0.984120 0.001118 0.984132 1.000515 -0.000118 0.000279 -0.000514
54835.933909 0.982480 0.001112 0.984260 1.000496 -0.000089 0.000303 -0.000480
54835.934919 0.984310 0.001119 0.984397 1.000478 -0.000050 0.000349 -0.000449
54835.935908 0.984730 0.001136 0.984542 1.000460 -0.000020 0.000383 -0.000422
54835.936897 0.985690 0.001102 0.984698 1.000442 -0.000002 0.000397 -0.000401
54835.937906 0.985200 0.001104 0.984870 1.000424 -0.000014 0.000384 -0.000413
54835.938915 0.985170 0.001108 0.985054 1.000407 -0.000052 0.000353 -0.000458
54835.939904 0.984290 0.001128 0.985249 1.000390 -0.000120 0.000298 -0.000537
54835.940893 0.985230 0.001130 0.985460 1.000373 -0.000186 0.000232 -0.000603
54835.941902 0.985700 0.001125 0.985691 1.000356 -0.000258 0.000153 -0.000669
54835.942911 0.985280 0.001105 0.985942 1.000339 -0.000318 0.000096 -0.000733
54835.943921 0.986060 0.001100 0.986215 1.000323 -0.000384 0.000034 -0.000802
54835.944910 0.986550 0.001120 0.986506 1.000307 -0.000442 -0.000021 -0.000864
54835.945899 0.986210 0.001111 0.986823 1.000291 -0.000489 -0.000067 -0.000912
54835.946908 0.985250 0.001104 0.987179 1.000275 -0.000502 -0.000089 -0.000915
54835.947917 0.987840 0.001094 0.987572 1.000259 -0.000485 -0.000074 -0.000895
54835.948906 0.988370 0.001146 0.988003 1.000244 -0.000440 -0.000023 -0.000856
54835.949895 0.986470 0.001096 0.988491 1.000229 -0.000379 0.000033 -0.000792
54835.950904 0.988790 0.001115 0.989076 1.000214 -0.000297 0.000111 -0.000704
54835.951914 0.988960 0.001109 0.989829 1.000199 -0.000195 0.000203 -0.000593
54835.952903 0.991460 0.001148 0.990669 1.000185 -0.000090 0.000306 -0.000485
54835.953892 0.991920 0.001118 0.991557 1.000171 -0.000003 0.000400 -0.000406
54835.954901 0.993560 0.001101 0.992487 1.000157 0.000051 0.000462 -0.000360
54835.955910 0.992840 0.001123 0.993420 1.000143 0.000065 0.000477 -0.000346
54835.956919 0.995270 0.001130 0.994337 1.000129 0.000050 0.000456 -0.000357
54835.957908 0.995240 0.001157 0.995209 1.000116 0.000004 0.000399 -0.000391
54835.958897 0.996830 0.001148 0.996040 1.000103 -0.000081 0.000311 -0.000472
54835.959906 0.996040 0.001120 0.996834 1.000089 -0.000187 0.000205 -0.000579
54835.960916 0.996670 0.001096 0.997565 1.000077 -0.000293 0.000098 -0.000683
54835.961905 0.998560 0.001143 0.998207 1.000064 -0.000371 0.000019 -0.000761
54835.962894 0.996750 0.001102 0.998767 1.000052 -0.000411 -0.000024 -0.000799
54835.963903 0.998600 0.001133 0.999245 1.000040 -0.000406 -0.000013 -0.000798
54835.964912 1.000000 0.001115 0.999616 1.000027 -0.000362 0.000038 -0.000762
54835.965921 0.999330 0.001131 0.999870 1.000016 -0.000297 0.000107 -0.000700
54835.966910 0.999070 0.001149 0.999991 1.000004 -0.000213 0.000190 -0.000616
54835.967899 1.000500 0.001141 0.999993 0.999993 -0.000120 0.000273 -0.000514
54835.968908 0.998770 0.001113 0.999982 0.999982 -0.000025 0.000365 -0.000414
54835.969918 1.001000 0.001103 0.999971 0.999971 0.000065 0.000454 -0.000324
54835.970907 0.999120 0.001144 0.999960 0.999960 0.000119 0.000511 -0.000274
54835.971896 1.001500 0.001123 0.999950 0.999950 0.000134 0.000522 -0.000254
54835.972905 1.001300 0.001123 0.999939 0.999939 0.000085 0.000464 -0.000295
54835.973914 1.001700 0.001204 0.999929 0.999929 -0.000021 0.000364 -0.000406
54835.974903 0.999220 0.001167 0.999919 0.999919 -0.000151 0.000248 -0.000549
54835.975892 0.999150 0.001115 0.999910 0.999910 -0.000285 0.000129 -0.000699
54835.976901 0.997370 0.001097 0.999900 0.999900 -0.000386 0.000029 -0.000801
54835.977910 0.997270 0.001108 0.999891 0.999891 -0.000421 -0.000010 -0.000832
54835.978920 1.001300 0.001124 0.999882 0.999882 -0.000397 0.000011 -0.000806
54835.979909 1.000200 0.001151 0.999873 0.999873 -0.000357 0.000052 -0.000765
54835.980901 0.999220 0.001143 0.999864 0.999864 -0.000320 0.000091 -0.000731
54835.981942 1.001200 0.001139 0.999856 0.999856 -0.000290 0.000134 -0.000713
54835.982892 0.999550 0.001099 0.999848 0.999848 -0.000259 0.000169 -0.000687
54835.983902 0.997370 0.001115 0.999840 0.999840 -0.000228 0.000215 -0.000672
54835.984911 0.999960 0.001130 0.999832 0.999832 -0.000174 0.000283 -0.000631
54835.985920 1.000700 0.001147 0.999824 0.999824 -0.000107 0.000353 -0.000567
54835.986909 0.999540 0.001153 0.999817 0.999817 -0.000050 0.000406 -0.000506
54835.987898 0.998710 0.001126 0.999810 0.999810 -0.000000 0.000443 -0.000443
54835.988907 1.002400 0.001110 0.999803 0.999803 0.000033 0.000466 -0.000399
54835.989916 0.999190 0.001147 0.999796 0.999796 0.000042 0.000460 -0.000375
54835.990905 0.998620 0.001136 0.999789 0.999789 0.000042 0.000448 -0.000365
54835.991894 1.000300 0.001132 0.999783 0.999783 0.000040 0.000432 -0.000353
54835.992904 0.998860 0.001125 0.999777 0.999777 0.000044 0.000436 -0.000347
54835.993913 1.000000 0.001116 0.999771 0.999771 0.000051 0.000446 -0.000344
54835.994922 1.000300 0.001105 0.999765 0.999765 0.000047 0.000437 -0.000343
54835.995911 1.000200 0.001157 0.999760 0.999760 0.000020 0.000410 -0.000369
54835.996900 1.000200 0.001128 0.999755 0.999755 -0.000035 0.000361 -0.000431
54835.997909 0.998990 0.001127 0.999750 0.999750 -0.000114 0.000284 -0.000512
54835.998918 0.999770 0.001136 0.999745 0.999745 -0.000199 0.000202 -0.000601
54835.999907 0.999920 0.001167 0.999740 0.999740 -0.000280 0.000124 -0.000684
54836.000896 0.998780 0.001140 0.999736 0.999736 -0.000345 0.000063 -0.000753
54836.001906 0.999770 0.001142 0.999731 0.999731 -0.000392 0.000017 -0.000801
54836.002915 0.997070 0.001147 0.999727 0.999727 -0.000415 -0.000009 -0.000821
54836.003904 1.001200 0.001156 0.999724 0.999724 -0.000409 -0.000009 -0.000808
54836.004893 0.998740 0.001103 0.999720 0.999720 -0.000392 0.000006 -0.000790
54836.005902 0.999980 0.001120 0.999716 0.999716 -0.000362 0.000040 -0.000764
54836.006911 1.000400 0.001144 0.999713 0.999713 -0.000322 0.000086 -0.000730
54836.007921 0.999460 0.001156 0.999710 0.999710 -0.000279 0.000134 -0.000691
54836.008910 0.996790 0.001137 0.999708 0.999708 -0.000211 0.000201 -0.000623
54836.009899 0.999100 0.001122 0.999705 0.999705 -0.000100 0.000309 -0.000509
54836.010908 1.000600 0.001115 0.999703 0.999703 0.000042 0.000452 -0.000368
54836.011917 0.999950 0.001120 0.999700 0.999700 0.000189 0.000595 -0.000218
54836.012906 1.001600 0.001122 0.999699 0.999699 0.000310 0.000710 -0.000091
54836.013895 1.000300 0.001150 0.999697 0.999697 0.000383 0.000778 -0.000012
54836.014904 1.000300 0.001163 0.999695 0.999695 0.000424 0.000821 0.000027
54836.015913 0.998610 0.001141 0.999694 0.999694 0.000445 0.000851 0.000038
54836.016902 1.000100 0.001143 0.999693 0.999693 0.000461 0.000875 0.000047
54836.017891 1.001200 0.001098 0.999692 0.999692 0.000466 0.000885 0.000046
54836.018901 1.000200 0.001106 0.999691 0.999691 0.000457 0.000878 0.000036
54836.019910 0.999840 0.001129 0.999691 0.999691 0.000437 0.000861 0.000013
54836.020919 0.999710 0.001134 0.999691 0.999691 0.000411 0.000833 -0.000012
54836.021908 0.998090 0.001131 0.999691 0.999691 0.000394 0.000806 -0.000018
54836.022897 1.000900 0.001097 0.999691 0.999691 0.000383 0.000780 -0.000015
54836.023906 1.000600 0.001114 0.999691 0.999691 0.000333 0.000729 -0.000064
54836.024915 0.999410 0.001101 0.999692 0.999692 0.000236 0.000644 -0.000172
54836.025904 1.001100 0.001124 0.999692 0.999692 0.000065 0.000467 -0.000337
54836.026893 1.001600 0.001114 0.999693 0.999693 -0.000184 0.000213 -0.000581
54836.027903 0.998740 0.001101 0.999695 0.999695 -0.000521 -0.000138 -0.000904
54836.028912 0.999120 0.001090 0.999696 0.999696 -0.000910 -0.000530 -0.001290
54836.029921 0.997940 0.001051 0.999698 0.999698 -0.001312 -0.000935 -0.001690
54836.030910 0.997570 0.001096 0.999700 0.999700 -0.001686 -0.001309 -0.002063
54836.031899 0.996940 0.001080 0.999702 0.999702 -0.002018 -0.001642 -0.002395
54836.032908 0.996800 0.001049 0.999704 0.999704 -0.002296 -0.001913 -0.002679
54836.033917 0.997190 0.001054 0.999706 0.999706 -0.002514 -0.002117 -0.002912
54836.034906 0.996780 0.001081 0.999709 0.999709 -0.002664 -0.002264 -0.003064
54836.035895 0.998770 0.001090 0.999712 0.999712 -0.002757 -0.002363 -0.003151
54836.036905 0.996140 0.001098 0.999715 0.999715 -0.002788 -0.002397 -0.003179
54836.037914 0.995930 0.001055 0.999718 0.999718 -0.002740 -0.002339 -0.003141
54836.038903 0.997170 0.001096 0.999722 0.999722 -0.002622 -0.002216 -0.003028
54836.039892 0.996980 0.001077 0.999725 0.999725 -0.002440 -0.002033 -0.002847
54836.040901 0.995680 0.001080 0.999729 0.999729 -0.002194 -0.001784 -0.002603
54836.041910 0.999910 0.001096 0.999734 0.999734 -0.001916 -0.001500 -0.002333
54836.042919 0.997490 0.001099 0.999738 0.999738 -0.001635 -0.001212 -0.002059
54836.043908 0.999150 0.001101 0.999742 0.999742 -0.001368 -0.000945 -0.001792
54836.044897 0.999440 0.001078 0.999747 0.999747 -0.001132 -0.000719 -0.001545
54836.045907 0.998150 0.001111 0.999752 0.999752 -0.000925 -0.000518 -0.001333
54836.046916 1.001100 0.001140 0.999757 0.999757 -0.000754 -0.000350 -0.001159
54836.047905 0.999870 0.001134 0.999763 0.999763 -0.000598 -0.000195 -0.001002
54836.048880 0.996440 0.001090 0.999768 0.999768 -0.000439 -0.000038 -0.000840
54836.049914 0.998730 0.001090 0.999774 0.999774 -0.000244 0.000150 -0.000638
54836.050903 0.999670 0.001127 0.999780 0.999780 -0.000029 0.000365 -0.000424
54836.051892 0.999560 0.001117 0.999786 0.999786 0.000203 0.000606 -0.000199
54836.052901 1.001500 0.001120 0.999793 0.999793 0.000433 0.000842 0.000025
54836.053910 0.999800 0.001149 0.999800 0.999800 0.000641 0.001055 0.000227
54836.054920 1.000600 0.001114 0.999807 0.999807 0.000806 0.001226 0.000387
54836.055909 1.001300 0.001166 0.999814 0.999814 0.000911 0.001342 0.000481
54836.056898 1.001900 0.001216 0.999821 0.999821 0.000951 0.001381 0.000521
54836.057907 1.002200 0.001188 0.999828 0.999828 0.000922 0.001339 0.000505
54836.058916 1.001000 0.001106 0.999836 0.999836 0.000819 0.001226 0.000411
54836.059905 1.000300 0.001126 0.999844 0.999844 0.000658 0.001056 0.000260
54836.060894 0.998660 0.001087 0.999852 0.999852 0.000478 0.000872 0.000083
54836.061903 0.999800 0.001095 0.999860 0.999860 0.000315 0.000710 -0.000081
54836.062912 0.999780 0.001089 0.999869 0.999869 0.000173 0.000567 -0.000220
54836.063922 1.000800 0.001141 0.999878 0.999878 0.000060 0.000456 -0.000337
54836.064911 1.000900 0.001124 0.999887 0.999887 -0.000036 0.000368 -0.000439
54836.065900 0.999390 0.001081 0.999896 0.999896 -0.000103 0.000309 -0.000516
54836.066909 0.998160 0.001087 0.999905 0.999905 -0.000122 0.000291 -0.000536
54836.067918 0.997920 0.001107 0.999915 0.999915 -0.000080 0.000341 -0.000501
54836.068907 0.999480 0.001129 0.999924 0.999924 0.000007 0.000433 -0.000418
54836.069896 1.002300 0.001096 0.999934 0.999934 0.000088 0.000517 -0.000342
54836.070905 1.003000 0.001082 0.999945 0.999945 0.000126 0.000563 -0.000311
54836.071914 0.999550 0.001073 0.999955 0.999955 0.000104 0.000546 -0.000339
54836.072903 0.999680 0.001105 0.999966 0.999966 0.000044 0.000483 -0.000396
54836.073892 0.997830 0.001078 0.999976 0.999976 -0.000008 0.000418 -0.000435
54836.074902 1.001400 0.001071 0.999988 0.999988 -0.000046 0.000369 -0.000460
54836.075911 0.999890 0.001051 0.999999 0.999999 -0.000072 0.000327 -0.000472
54836.076920 0.999410 0.001082 1.000010 1.000010 -0.000085 0.000298 -0.000468
54836.077909 0.999850 0.001091 1.000022 1.000022 -0.000073 0.000317 -0.000463
54836.078898 0.998320 0.001091 1.000034 1.000034 -0.000027 0.000370 -0.000424
54836.079907 1.002000 0.001100 1.000046 1.000046 0.000037 0.000442 -0.000368
54836.080916 0.999980 0.001100 1.000058 1.000058 0.000099 0.000508 -0.000310
54836.081905 0.998820 0.001076 1.000071 1.000071 0.000172 0.000579 -0.000236
54836.082895 1.001000 0.001093 1.000083 1.000083 0.000246 0.000640 -0.000149
54836.083904 1.001500 0.001142 1.000096 1.000096 0.000296 0.000684 -0.000092
54836.084913 0.999910 0.001106 1.000110 1.000110 0.000320 0.000714 -0.000075
54836.085922 0.999690 0.001079 1.000123 1.000123 0.000323 0.000727 -0.000082
54836.086911 1.002400 0.001143 1.000137 1.000137 0.000298 0.000715 -0.000119
54836.087900 0.998840 0.001088 1.000150 1.000150 0.000249 0.000678 -0.000179
54836.088909 1.001500 0.001084 1.000164 1.000164 0.000176 0.000616 -0.000264
54836.089919 1.000500 0.001084 1.000179 1.000179 0.000074 0.000512 -0.000364
54836.090908 1.000300 0.001127 1.000193 1.000193 -0.000048 0.000380 -0.000476
54836.091897 1.000300 0.001114 1.000207 1.000207 -0.000194 0.000219 -0.000607
54836.092906 0.998600 0.001092 1.000222 1.000222 -0.000341 0.000056 -0.000739
54836.093915 0.999930 0.001084 1.000237 1.000237 -0.000467 -0.000075 -0.000859
54836.094904 1.000100 0.001104 1.000252 1.000252 -0.000555 -0.000160 -0.000950
54836.095893 0.997880 0.001095 1.000268 1.000268 -0.000626 -0.000229 -0.001022
54836.096902 1.000600 0.001105 1.000284 1.000284 -0.000676 -0.000274 -0.001078
54836.097911 1.000300 0.001138 1.000300 1.000300 -0.000710 -0.000312 -0.001108
54836.098921 0.999620 0.001106 1.000316 1.000316 -0.000749 -0.000353 -0.001146
54836.099910 0.999620 0.001102 1.000332 1.000332 -0.000782 -0.000384 -0.001181
54836.100899 0.998950 0.001095 1.000348 1.000348 -0.000801 -0.000405 -0.001197
54836.101908 0.998170 0.001083 1.000365 1.000365 -0.000803 -0.000411 -0.001194
54836.102917 1.000800 0.001089 1.000382 1.000382 -0.000799 -0.000411 -0.001188
54836.103906 1.001500 0.001121 1.000399 1.000399 -0.000790 -0.000406 -0.001175
54836.104895 0.997980 0.001094 1.000416 1.000416 -0.000774 -0.000389 -0.001159
54836.105904 1.000100 0.001090 1.000434 1.000434 -0.000745 -0.000355 -0.001134
54836.106913 0.998580 0.001093 1.000452 1.000452 -0.000701 -0.000297 -0.001105
54836.107902 0.999090 0.001113 1.000470 1.000470 -0.000623 -0.000207 -0.001039
54836.108891 1.000500 0.001089 1.000487 1.000487 -0.000516 -0.000091 -0.000940
54836.109901 1.001000 0.001090 1.000506 1.000506 -0.000406 0.000016 -0.000828
54836.110910 1.000000 0.001105 1.000525 1.000525 -0.000315 0.000097 -0.000727
54836.111919 0.999790 0.001108 1.000544 1.000544 -0.000244 0.000160 -0.000648
54836.112908 1.001300 0.001129 1.000563 1.000563 -0.000201 0.000187 -0.000590
54836.113897 1.000800 0.001105 1.000582 1.000582 -0.000206 0.000202 -0.000613
54836.114906 1.001000 0.001108 1.000601 1.000601 -0.000241 0.000241 -0.000723
54836.115915 1.000300 0.001094 1.000621 1.000621 -0.000298 0.000298 -0.000894
54836.116625 0.997720 0.001758 1.000635 1.000635 -0.000347 0.000358 -0.001051
