#This file contains the data and best fit. 
#The first three columns are the data (x, y and y error)
#The next column is the transit component of the best fit (including airmass term)
#The next column is the airmass term (subtract from model and data to remove)
#The final three columns represent the GP fit to the red noise in the residuals:
# the first column is the mean of all the functions represented by the GP
# the second column is the 1sigma upper limit to the functions represented by the GP
# the third column is the 1sigma lower limit to the functions represented by the GP
54835.817914 1.002300 0.000574 1.003025 1.003025 -0.000208 0.000181 -0.000597
54835.818902 1.003100 0.000569 1.002994 1.002994 -0.000076 0.000212 -0.000364
54835.819911 1.003000 0.000559 1.002962 1.002962 0.000035 0.000279 -0.000209
54835.820920 1.003400 0.000560 1.002930 1.002930 0.000103 0.000339 -0.000133
54835.821902 1.003300 0.000582 1.002899 1.002899 0.000112 0.000354 -0.000129
54835.822917 1.003200 0.000555 1.002868 1.002868 0.000054 0.000297 -0.000189
54835.823906 1.002700 0.000572 1.002837 1.002837 -0.000025 0.000217 -0.000267
54835.824895 1.001100 0.000559 1.002807 1.002807 -0.000087 0.000154 -0.000327
54835.825904 1.003700 0.000565 1.002776 1.002776 -0.000109 0.000130 -0.000347
54835.826913 1.002900 0.000566 1.002745 1.002745 -0.000118 0.000111 -0.000347
54835.827902 1.001900 0.000586 1.002715 1.002715 -0.000110 0.000114 -0.000334
54835.828891 1.002400 0.000580 1.002685 1.002685 -0.000084 0.000142 -0.000309
54835.829901 1.003000 0.000584 1.002655 1.002655 -0.000051 0.000174 -0.000277
54835.830910 1.002900 0.000581 1.002625 1.002625 -0.000039 0.000187 -0.000266
54835.831919 1.003000 0.000574 1.002595 1.002595 -0.000044 0.000185 -0.000273
54835.832908 1.001200 0.000581 1.002566 1.002566 -0.000059 0.000172 -0.000290
54835.833897 1.002900 0.000561 1.002536 1.002536 -0.000076 0.000156 -0.000307
54835.834906 1.002900 0.000572 1.002507 1.002507 -0.000114 0.000120 -0.000349
54835.835915 1.002800 0.000584 1.002478 1.002478 -0.000188 0.000052 -0.000428
54835.836904 1.001500 0.000584 1.002449 1.002449 -0.000276 -0.000035 -0.000518
54835.837893 1.002100 0.000569 1.002420 1.002420 -0.000354 -0.000105 -0.000603
54835.838903 1.001000 0.000567 1.002392 1.002392 -0.000393 -0.000149 -0.000638
54835.839912 1.002500 0.000569 1.002363 1.002363 -0.000387 -0.000145 -0.000628
54835.840921 1.002000 0.000560 1.002327 1.002334 -0.000372 -0.000131 -0.000613
54835.841910 1.002600 0.000573 1.002087 1.002306 -0.000368 -0.000132 -0.000603
54835.842899 1.000700 0.000558 1.001674 1.002279 -0.000381 -0.000150 -0.000612
54835.843908 1.000900 0.000554 1.001121 1.002251 -0.000385 -0.000150 -0.000619
54835.844917 0.998880 0.000563 1.000458 1.002223 -0.000370 -0.000138 -0.000603
54835.845906 0.999820 0.000571 0.999718 1.002195 -0.000335 -0.000103 -0.000567
54835.846895 0.999290 0.000562 0.998904 1.002168 -0.000319 -0.000089 -0.000549
54835.847905 0.997770 0.000558 0.998011 1.002141 -0.000367 -0.000133 -0.000601
54835.848914 0.996770 0.000560 0.997068 1.002113 -0.000475 -0.000243 -0.000707
54835.849903 0.994910 0.000561 0.996107 1.002087 -0.000616 -0.000392 -0.000839
54835.850892 0.995310 0.000546 0.995125 1.002060 -0.000770 -0.000545 -0.000995
54835.851901 0.992800 0.000542 0.994116 1.002033 -0.000934 -0.000704 -0.001165
54835.852910 0.992160 0.000540 0.993117 1.002007 -0.001075 -0.000844 -0.001306
54835.853920 0.990680 0.000550 0.992147 1.001980 -0.001161 -0.000926 -0.001397
54835.854909 0.989940 0.000562 0.991250 1.001954 -0.001168 -0.000919 -0.001417
54835.855898 0.988480 0.000546 0.990441 1.001929 -0.001088 -0.000840 -0.001336
54835.856907 0.988610 0.000543 0.989781 1.001902 -0.000925 -0.000684 -0.001167
54835.857916 0.990370 0.000549 0.989379 1.001877 -0.000746 -0.000515 -0.000977
54835.858905 0.988340 0.000560 0.989042 1.001851 -0.000614 -0.000386 -0.000842
54835.859894 0.987970 0.000555 0.988741 1.001826 -0.000502 -0.000278 -0.000727
54835.860903 0.987760 0.000542 0.988463 1.001801 -0.000395 -0.000177 -0.000613
54835.861912 0.987690 0.000544 0.988208 1.001775 -0.000266 -0.000046 -0.000485
54835.862922 0.987950 0.000532 0.987973 1.001750 -0.000125 0.000099 -0.000348
54835.863911 0.988010 0.000549 0.987760 1.001726 -0.000009 0.000224 -0.000242
54835.864900 0.988110 0.000547 0.987561 1.001701 0.000063 0.000296 -0.000170
54835.865909 0.987320 0.000539 0.987371 1.001677 0.000088 0.000324 -0.000149
54835.866918 0.986570 0.000534 0.987193 1.001652 0.000085 0.000312 -0.000143
54835.867907 0.987590 0.000549 0.987029 1.001628 0.000058 0.000277 -0.000161
54835.868896 0.986890 0.000535 0.986875 1.001605 0.000013 0.000231 -0.000204
54835.869905 0.986780 0.000536 0.986726 1.001581 -0.000061 0.000154 -0.000276
54835.870914 0.986760 0.000534 0.986585 1.001557 -0.000162 0.000059 -0.000382
54835.871903 0.985330 0.000543 0.986455 1.001533 -0.000260 -0.000038 -0.000482
54835.872892 0.986630 0.000530 0.986331 1.001510 -0.000347 -0.000121 -0.000572
54835.873902 0.985480 0.000530 0.986211 1.001487 -0.000419 -0.000190 -0.000648
54835.874911 0.985010 0.000530 0.986098 1.001464 -0.000461 -0.000236 -0.000686
54835.875920 0.986330 0.000523 0.985990 1.001440 -0.000473 -0.000250 -0.000696
54835.876909 0.985150 0.000544 0.985889 1.001418 -0.000483 -0.000263 -0.000703
54835.877898 0.985430 0.000531 0.985793 1.001396 -0.000474 -0.000256 -0.000691
54835.878907 0.984760 0.000527 0.985700 1.001373 -0.000451 -0.000236 -0.000666
54835.879916 0.984840 0.000527 0.985612 1.001350 -0.000399 -0.000178 -0.000620
54835.880905 0.985300 0.000539 0.985529 1.001329 -0.000337 -0.000110 -0.000564
54835.881894 0.986080 0.000536 0.985451 1.001307 -0.000304 -0.000071 -0.000537
54835.882904 0.985590 0.000537 0.985374 1.001285 -0.000339 -0.000106 -0.000571
54835.883913 0.984400 0.000527 0.985302 1.001263 -0.000430 -0.000208 -0.000652
54835.884922 0.984580 0.000526 0.985232 1.001241 -0.000524 -0.000310 -0.000738
54835.885911 0.984280 0.000534 0.985168 1.001220 -0.000583 -0.000370 -0.000796
54835.886900 0.984700 0.000519 0.985107 1.001199 -0.000606 -0.000407 -0.000805
54835.887936 0.984220 0.000545 0.985046 1.001177 -0.000580 -0.000378 -0.000781
54835.888899 0.983770 0.000527 0.984992 1.001157 -0.000499 -0.000285 -0.000713
54835.889908 0.984750 0.000528 0.984938 1.001136 -0.000370 -0.000147 -0.000593
54835.890918 0.985340 0.000531 0.984887 1.001115 -0.000237 -0.000005 -0.000470
54835.891907 0.984890 0.000539 0.984840 1.001095 -0.000156 0.000076 -0.000387
54835.892896 0.984700 0.000533 0.984795 1.001075 -0.000111 0.000114 -0.000336
54835.893905 0.984920 0.000527 0.984752 1.001055 -0.000099 0.000119 -0.000318
54835.894914 0.984260 0.000534 0.984712 1.001035 -0.000096 0.000130 -0.000321
54835.895903 0.983630 0.000544 0.984675 1.001015 -0.000066 0.000168 -0.000300
54835.896892 0.985230 0.000528 0.984640 1.000996 -0.000002 0.000235 -0.000240
54835.897901 0.984240 0.000525 0.984606 1.000976 0.000066 0.000300 -0.000167
54835.898910 0.985500 0.000520 0.984576 1.000956 0.000118 0.000349 -0.000114
54835.899920 0.984900 0.000524 0.984547 1.000937 0.000117 0.000346 -0.000113
54835.900909 0.984000 0.000539 0.984521 1.000918 0.000083 0.000301 -0.000135
54835.901898 0.984540 0.000527 0.984497 1.000899 0.000040 0.000244 -0.000164
54835.902907 0.985080 0.000531 0.984476 1.000881 -0.000003 0.000209 -0.000215
54835.903916 0.983690 0.000520 0.984456 1.000862 -0.000031 0.000192 -0.000253
54835.904905 0.984190 0.000531 0.984439 1.000844 -0.000023 0.000205 -0.000250
54835.905894 0.984580 0.000522 0.984424 1.000826 0.000028 0.000256 -0.000200
54835.906903 0.984100 0.000521 0.984411 1.000807 0.000092 0.000321 -0.000137
54835.907912 0.985220 0.000521 0.984400 1.000789 0.000159 0.000391 -0.000072
54835.908922 0.984470 0.000520 0.984392 1.000771 0.000191 0.000422 -0.000041
54835.909911 0.984600 0.000535 0.984386 1.000754 0.000186 0.000419 -0.000047
54835.910900 0.985120 0.000518 0.984382 1.000736 0.000138 0.000368 -0.000093
54835.911909 0.984070 0.000517 0.984380 1.000719 0.000050 0.000273 -0.000174
54835.912918 0.984450 0.000523 0.984381 1.000702 -0.000051 0.000175 -0.000277
54835.913907 0.983950 0.000535 0.984384 1.000685 -0.000144 0.000080 -0.000368
54835.914896 0.984180 0.000515 0.984390 1.000668 -0.000208 0.000011 -0.000426
54835.915905 0.983850 0.000523 0.984398 1.000651 -0.000228 -0.000012 -0.000443
54835.916915 0.984580 0.000515 0.984409 1.000634 -0.000201 0.000024 -0.000427
54835.917904 0.983880 0.000530 0.984422 1.000618 -0.000147 0.000078 -0.000372
54835.918893 0.984420 0.000517 0.984438 1.000602 -0.000063 0.000165 -0.000291
54835.919902 0.984590 0.000514 0.984458 1.000586 0.000041 0.000272 -0.000190
54835.920911 0.984030 0.000520 0.984480 1.000570 0.000146 0.000372 -0.000079
54835.921920 0.985280 0.000516 0.984505 1.000554 0.000260 0.000487 0.000032
54835.922909 0.985450 0.000523 0.984533 1.000538 0.000349 0.000585 0.000112
54835.923898 0.984560 0.000515 0.984564 1.000523 0.000407 0.000649 0.000164
54835.924907 0.984790 0.000516 0.984600 1.000507 0.000438 0.000676 0.000199
54835.925917 0.985390 0.000518 0.984638 1.000492 0.000455 0.000686 0.000223
54835.926906 0.985290 0.000522 0.984680 1.000477 0.000445 0.000671 0.000219
54835.927895 0.985530 0.000508 0.984726 1.000463 0.000420 0.000649 0.000190
54835.928904 0.984730 0.000513 0.984777 1.000448 0.000388 0.000626 0.000150
54835.929913 0.983730 0.000510 0.984832 1.000433 0.000387 0.000623 0.000152
54835.930902 0.986110 0.000521 0.984891 1.000419 0.000427 0.000650 0.000204
54835.931891 0.986190 0.000509 0.984955 1.000405 0.000451 0.000673 0.000229
54835.932900 0.986140 0.000510 0.985025 1.000390 0.000420 0.000642 0.000199
54835.933909 0.984660 0.000509 0.985100 1.000376 0.000354 0.000583 0.000125
54835.934919 0.985090 0.000510 0.985182 1.000363 0.000300 0.000530 0.000070
54835.935908 0.985330 0.000519 0.985268 1.000349 0.000284 0.000508 0.000061
54835.936897 0.985910 0.000506 0.985361 1.000336 0.000295 0.000518 0.000072
54835.937906 0.986100 0.000507 0.985464 1.000322 0.000300 0.000523 0.000077
54835.938915 0.985580 0.000507 0.985574 1.000309 0.000294 0.000522 0.000067
54835.939904 0.985620 0.000518 0.985691 1.000296 0.000288 0.000509 0.000067
54835.940893 0.986410 0.000513 0.985817 1.000283 0.000266 0.000482 0.000050
54835.941902 0.986330 0.000512 0.985955 1.000271 0.000218 0.000432 0.000003
54835.942911 0.986690 0.000507 0.986106 1.000258 0.000130 0.000334 -0.000075
54835.943921 0.986720 0.000506 0.986269 1.000245 -0.000009 0.000189 -0.000208
54835.944910 0.985750 0.000516 0.986444 1.000233 -0.000158 0.000052 -0.000367
54835.945899 0.985670 0.000508 0.986634 1.000221 -0.000255 -0.000031 -0.000479
54835.946908 0.986600 0.000507 0.986848 1.000209 -0.000272 -0.000038 -0.000505
54835.947917 0.987320 0.000504 0.987084 1.000197 -0.000232 -0.000008 -0.000456
54835.948906 0.987210 0.000522 0.987343 1.000186 -0.000166 0.000059 -0.000392
54835.949895 0.987040 0.000506 0.987636 1.000175 -0.000070 0.000153 -0.000292
54835.950904 0.988530 0.000510 0.987985 1.000163 0.000068 0.000283 -0.000147
54835.951914 0.988700 0.000508 0.988550 1.000152 0.000211 0.000431 -0.000010
54835.952903 0.989910 0.000523 0.989299 1.000141 0.000349 0.000576 0.000122
54835.953892 0.990540 0.000511 0.990144 1.000130 0.000488 0.000713 0.000263
54835.954901 0.991410 0.000507 0.991067 1.000119 0.000629 0.000849 0.000410
54835.955910 0.991940 0.000513 0.992024 1.000109 0.000772 0.000991 0.000553
54835.956919 0.994810 0.000515 0.992994 1.000098 0.000893 0.001115 0.000672
54835.957908 0.994980 0.000527 0.993940 1.000088 0.000929 0.001155 0.000703
54835.958897 0.996240 0.000519 0.994867 1.000078 0.000861 0.001087 0.000635
54835.959906 0.997390 0.000514 0.995779 1.000068 0.000679 0.000911 0.000447
54835.960916 0.995720 0.000507 0.996644 1.000058 0.000420 0.000655 0.000185
54835.961905 0.997970 0.000524 0.997432 1.000049 0.000169 0.000397 -0.000060
54835.962894 0.997830 0.000509 0.998149 1.000040 -0.000070 0.000153 -0.000293
54835.963903 0.998810 0.000516 0.998792 1.000030 -0.000277 -0.000055 -0.000500
54835.964912 0.998740 0.000512 0.999329 1.000021 -0.000469 -0.000247 -0.000691
54835.965921 0.998950 0.000515 0.999738 1.000012 -0.000613 -0.000394 -0.000833
54835.966910 0.999210 0.000526 0.999976 1.000003 -0.000680 -0.000461 -0.000898
54835.967899 0.999130 0.000519 0.999995 0.999995 -0.000677 -0.000457 -0.000897
54835.968908 0.999490 0.000513 0.999986 0.999986 -0.000619 -0.000392 -0.000845
54835.969918 0.999190 0.000509 0.999977 0.999977 -0.000528 -0.000301 -0.000755
54835.970907 0.999510 0.000525 0.999969 0.999969 -0.000419 -0.000201 -0.000637
54835.971896 0.999930 0.000515 0.999961 0.999961 -0.000315 -0.000102 -0.000528
54835.972905 0.999350 0.000514 0.999953 0.999953 -0.000243 -0.000017 -0.000468
54835.973914 1.001200 0.000532 0.999946 0.999946 -0.000235 -0.000003 -0.000467
54835.974903 0.999440 0.000530 0.999938 0.999938 -0.000308 -0.000076 -0.000540
54835.975892 0.999470 0.000513 0.999931 0.999931 -0.000422 -0.000191 -0.000652
54835.976901 0.998980 0.000509 0.999923 0.999923 -0.000511 -0.000290 -0.000733
54835.977910 0.998440 0.000512 0.999916 0.999916 -0.000537 -0.000321 -0.000753
54835.978920 0.999560 0.000515 0.999909 0.999909 -0.000492 -0.000276 -0.000708
54835.979909 0.999930 0.000527 0.999902 0.999902 -0.000419 -0.000192 -0.000646
54835.980901 0.999920 0.000522 0.999896 0.999896 -0.000359 -0.000122 -0.000596
54835.981942 0.999130 0.000526 0.999889 0.999889 -0.000331 -0.000090 -0.000572
54835.982892 0.999970 0.000507 0.999883 0.999883 -0.000341 -0.000099 -0.000583
54835.983902 0.999480 0.000511 0.999877 0.999877 -0.000382 -0.000145 -0.000618
54835.984911 0.999030 0.000513 0.999871 0.999871 -0.000442 -0.000215 -0.000668
54835.985920 0.999320 0.000516 0.999865 0.999865 -0.000511 -0.000291 -0.000731
54835.986909 0.999920 0.000524 0.999859 0.999859 -0.000579 -0.000359 -0.000799
54835.987898 0.999290 0.000513 0.999853 0.999853 -0.000663 -0.000442 -0.000884
54835.988907 0.998710 0.000508 0.999848 0.999848 -0.000755 -0.000526 -0.000984
54835.989916 0.999050 0.000517 0.999843 0.999843 -0.000814 -0.000582 -0.001046
54835.990905 0.998440 0.000520 0.999837 0.999837 -0.000817 -0.000585 -0.001048
54835.991894 0.999210 0.000513 0.999833 0.999833 -0.000760 -0.000531 -0.000990
54835.992904 0.999000 0.000512 0.999828 0.999828 -0.000652 -0.000424 -0.000880
54835.993913 0.999550 0.000510 0.999823 0.999823 -0.000534 -0.000302 -0.000766
54835.994922 0.999810 0.000508 0.999818 0.999818 -0.000438 -0.000205 -0.000671
54835.995911 0.999450 0.000525 0.999814 0.999814 -0.000364 -0.000137 -0.000592
54835.996900 0.998510 0.000513 0.999810 0.999810 -0.000278 -0.000058 -0.000498
54835.997909 0.999700 0.000513 0.999806 0.999806 -0.000169 0.000048 -0.000385
54835.998918 1.000100 0.000514 0.999802 0.999802 -0.000067 0.000150 -0.000284
54835.999907 1.000600 0.000527 0.999798 0.999798 -0.000025 0.000188 -0.000238
54836.000896 0.999070 0.000516 0.999795 0.999795 -0.000052 0.000156 -0.000260
54836.001906 0.999930 0.000515 0.999791 0.999791 -0.000117 0.000086 -0.000320
54836.002915 0.999890 0.000517 0.999788 0.999788 -0.000200 0.000002 -0.000402
54836.003904 0.999540 0.000524 0.999785 0.999785 -0.000271 -0.000056 -0.000487
54836.004893 0.998460 0.000508 0.999782 0.999782 -0.000290 -0.000069 -0.000511
54836.005902 0.999040 0.000511 0.999779 0.999779 -0.000220 0.000006 -0.000446
54836.006911 1.000200 0.000516 0.999776 0.999776 -0.000098 0.000135 -0.000331
54836.007921 1.000800 0.000520 0.999774 0.999774 0.000018 0.000258 -0.000221
54836.008910 0.999030 0.000522 0.999772 0.999772 0.000106 0.000342 -0.000130
54836.009899 1.000300 0.000513 0.999769 0.999769 0.000187 0.000416 -0.000041
54836.010908 0.999910 0.000510 0.999767 0.999767 0.000275 0.000497 0.000053
54836.011917 0.999710 0.000512 0.999766 0.999766 0.000365 0.000585 0.000145
54836.012906 1.000200 0.000518 0.999764 0.999764 0.000435 0.000648 0.000221
54836.013895 1.000900 0.000518 0.999762 0.999762 0.000465 0.000676 0.000254
54836.014904 0.999990 0.000520 0.999761 0.999761 0.000431 0.000648 0.000214
54836.015913 1.000800 0.000518 0.999760 0.999760 0.000333 0.000553 0.000113
54836.016902 0.999910 0.000522 0.999758 0.999758 0.000188 0.000408 -0.000033
54836.017891 0.999420 0.000507 0.999758 0.999758 0.000044 0.000255 -0.000168
54836.018901 0.999200 0.000509 0.999757 0.999757 -0.000055 0.000150 -0.000259
54836.019910 0.999240 0.000513 0.999756 0.999756 -0.000088 0.000119 -0.000295
54836.020919 0.999800 0.000514 0.999756 0.999756 -0.000066 0.000147 -0.000278
54836.021908 1.000200 0.000521 0.999755 0.999755 -0.000025 0.000186 -0.000237
54836.022897 1.000200 0.000507 0.999755 0.999755 -0.000020 0.000197 -0.000237
54836.023906 0.999460 0.000511 0.999755 0.999755 -0.000056 0.000160 -0.000271
54836.024915 0.999690 0.000509 0.999755 0.999755 -0.000095 0.000126 -0.000317
54836.025904 0.999680 0.000519 0.999756 0.999756 -0.000136 0.000086 -0.000358
54836.026893 0.999290 0.000511 0.999756 0.999756 -0.000175 0.000048 -0.000398
54836.027903 0.999690 0.000509 0.999757 0.999757 -0.000185 0.000037 -0.000406
54836.028912 0.999160 0.000506 0.999757 0.999757 -0.000165 0.000054 -0.000384
54836.029921 0.999710 0.000499 0.999758 0.999758 -0.000131 0.000082 -0.000344
54836.030910 0.999770 0.000514 0.999759 0.999759 -0.000118 0.000097 -0.000333
54836.031899 1.000100 0.000505 0.999760 0.999760 -0.000166 0.000059 -0.000390
54836.032908 0.999140 0.000499 0.999762 0.999762 -0.000279 -0.000043 -0.000515
54836.033917 0.999770 0.000500 0.999763 0.999763 -0.000445 -0.000199 -0.000690
54836.034906 0.999210 0.000511 0.999765 0.999765 -0.000660 -0.000408 -0.000912
54836.035895 0.999010 0.000505 0.999767 0.999767 -0.000902 -0.000652 -0.001151
54836.036905 0.998150 0.000507 0.999769 0.999769 -0.001124 -0.000888 -0.001360
54836.037914 0.998220 0.000499 0.999771 0.999771 -0.001293 -0.001075 -0.001511
54836.038903 0.998370 0.000513 0.999773 0.999773 -0.001390 -0.001169 -0.001612
54836.039892 0.998790 0.000504 0.999776 0.999776 -0.001419 -0.001195 -0.001643
54836.040901 0.997790 0.000506 0.999778 0.999778 -0.001377 -0.001156 -0.001597
54836.041910 0.998610 0.000509 0.999781 0.999781 -0.001249 -0.001032 -0.001467
54836.042919 0.997950 0.000510 0.999784 0.999784 -0.001054 -0.000843 -0.001265
54836.043908 0.999890 0.000517 0.999787 0.999787 -0.000832 -0.000621 -0.001042
54836.044897 0.999050 0.000506 0.999790 0.999790 -0.000638 -0.000420 -0.000857
54836.045907 0.999730 0.000514 0.999794 0.999794 -0.000495 -0.000275 -0.000716
54836.046916 0.999380 0.000519 0.999797 0.999797 -0.000416 -0.000196 -0.000636
54836.047905 0.999400 0.000524 0.999801 0.999801 -0.000373 -0.000150 -0.000595
54836.048880 0.999880 0.000514 0.999805 0.999805 -0.000350 -0.000125 -0.000574
54836.049914 0.998650 0.000508 0.999809 0.999809 -0.000322 -0.000105 -0.000540
54836.050903 0.999910 0.000518 0.999813 0.999813 -0.000258 -0.000034 -0.000483
54836.051892 0.999090 0.000509 0.999817 0.999817 -0.000149 0.000081 -0.000379
54836.052901 0.999900 0.000510 0.999822 0.999822 -0.000003 0.000228 -0.000234
54836.053910 1.000400 0.000516 0.999826 0.999826 0.000164 0.000394 -0.000067
54836.054920 0.999860 0.000511 0.999831 0.999831 0.000312 0.000539 0.000085
54836.055909 1.000000 0.000530 0.999836 0.999836 0.000428 0.000659 0.000198
54836.056898 1.001100 0.000533 0.999841 0.999841 0.000501 0.000734 0.000267
54836.057907 1.000900 0.000524 0.999846 0.999846 0.000517 0.000750 0.000284
54836.058916 0.999920 0.000508 0.999852 0.999852 0.000485 0.000720 0.000251
54836.059905 0.998910 0.000517 0.999857 0.999857 0.000449 0.000683 0.000215
54836.060894 1.001100 0.000504 0.999863 0.999863 0.000415 0.000642 0.000188
54836.061903 1.001400 0.000506 0.999869 0.999869 0.000340 0.000565 0.000116
54836.062912 0.999150 0.000504 0.999875 0.999875 0.000223 0.000451 -0.000005
54836.063922 1.000600 0.000514 0.999881 0.999881 0.000108 0.000329 -0.000113
54836.064911 0.999730 0.000516 0.999887 0.999887 0.000013 0.000225 -0.000200
54836.065900 0.999020 0.000504 0.999894 0.999894 -0.000036 0.000175 -0.000247
54836.066909 0.999730 0.000505 0.999900 0.999900 -0.000021 0.000196 -0.000237
54836.067918 0.999650 0.000511 0.999907 0.999907 0.000040 0.000259 -0.000178
54836.068907 1.001000 0.000521 0.999914 0.999914 0.000090 0.000305 -0.000126
54836.069896 1.000400 0.000509 0.999921 0.999921 0.000076 0.000294 -0.000142
54836.070905 1.000200 0.000506 0.999928 0.999928 -0.000001 0.000216 -0.000217
54836.071914 0.999120 0.000504 0.999936 0.999936 -0.000105 0.000111 -0.000321
54836.072903 0.999810 0.000513 0.999943 0.999943 -0.000204 0.000016 -0.000423
54836.073892 0.999880 0.000504 0.999951 0.999951 -0.000289 -0.000062 -0.000517
54836.074902 0.999300 0.000501 0.999959 0.999959 -0.000345 -0.000113 -0.000577
54836.075911 0.999400 0.000498 0.999967 0.999967 -0.000359 -0.000129 -0.000589
54836.076920 0.999850 0.000507 0.999975 0.999975 -0.000337 -0.000109 -0.000565
54836.077909 0.999840 0.000514 0.999984 0.999984 -0.000313 -0.000091 -0.000535
54836.078898 0.998940 0.000507 0.999992 0.999992 -0.000290 -0.000081 -0.000499
54836.079907 1.000600 0.000510 1.000001 1.000001 -0.000266 -0.000061 -0.000471
54836.080916 0.999640 0.000510 1.000010 1.000010 -0.000265 -0.000054 -0.000477
54836.081905 1.000200 0.000511 1.000018 1.000018 -0.000292 -0.000072 -0.000511
54836.082895 0.999210 0.000506 1.000027 1.000027 -0.000342 -0.000120 -0.000564
54836.083904 0.999650 0.000514 1.000037 1.000037 -0.000385 -0.000167 -0.000604
54836.084913 0.999520 0.000511 1.000046 1.000046 -0.000410 -0.000199 -0.000620
54836.085922 0.999750 0.000506 1.000056 1.000056 -0.000426 -0.000217 -0.000635
54836.086911 0.999760 0.000524 1.000066 1.000066 -0.000434 -0.000222 -0.000647
54836.087900 0.999700 0.000508 1.000075 1.000075 -0.000418 -0.000204 -0.000632
54836.088909 0.999590 0.000506 1.000085 1.000085 -0.000367 -0.000154 -0.000580
54836.089919 0.999440 0.000506 1.000096 1.000096 -0.000266 -0.000060 -0.000472
54836.090908 0.999630 0.000521 1.000106 1.000106 -0.000121 0.000088 -0.000330
54836.091897 1.001100 0.000514 1.000116 1.000116 0.000042 0.000250 -0.000166
54836.092906 1.000300 0.000509 1.000127 1.000127 0.000169 0.000378 -0.000041
54836.093915 1.000500 0.000507 1.000138 1.000138 0.000268 0.000479 0.000056
54836.094904 0.999780 0.000515 1.000149 1.000149 0.000342 0.000559 0.000125
54836.095893 1.000400 0.000508 1.000160 1.000160 0.000401 0.000622 0.000180
54836.096902 1.001200 0.000511 1.000171 1.000171 0.000410 0.000640 0.000181
54836.097911 1.001700 0.000518 1.000183 1.000183 0.000332 0.000565 0.000098
54836.098921 0.999620 0.000511 1.000194 1.000194 0.000171 0.000395 -0.000053
54836.099910 1.000100 0.000516 1.000206 1.000206 -0.000020 0.000205 -0.000244
54836.100899 0.999840 0.000509 1.000218 1.000218 -0.000204 0.000023 -0.000430
54836.101908 1.000700 0.000508 1.000230 1.000230 -0.000379 -0.000152 -0.000607
54836.102917 0.998650 0.000507 1.000242 1.000242 -0.000528 -0.000305 -0.000752
54836.103906 0.999620 0.000519 1.000254 1.000254 -0.000607 -0.000386 -0.000828
54836.104895 0.999560 0.000509 1.000267 1.000267 -0.000605 -0.000384 -0.000825
54836.105904 0.999320 0.000508 1.000280 1.000280 -0.000534 -0.000312 -0.000755
54836.106913 0.999830 0.000509 1.000292 1.000292 -0.000425 -0.000201 -0.000649
54836.107902 1.000700 0.000519 1.000305 1.000305 -0.000332 -0.000099 -0.000566
54836.108891 1.000700 0.000508 1.000318 1.000318 -0.000284 -0.000050 -0.000517
54836.109901 1.000000 0.000507 1.000332 1.000332 -0.000288 -0.000058 -0.000518
54836.110910 0.999190 0.000509 1.000345 1.000345 -0.000315 -0.000093 -0.000537
54836.111919 1.000000 0.000512 1.000359 1.000359 -0.000328 -0.000116 -0.000540
54836.112908 1.000000 0.000521 1.000373 1.000373 -0.000331 -0.000122 -0.000539
54836.113897 1.000500 0.000511 1.000386 1.000386 -0.000334 -0.000112 -0.000557
54836.114906 0.999910 0.000511 1.000400 1.000400 -0.000348 -0.000099 -0.000597
54836.115915 1.000200 0.000508 1.000415 1.000415 -0.000366 -0.000049 -0.000683
54836.116625 0.999590 0.000811 1.000425 1.000425 -0.000386 0.000016 -0.000789
